# from https://bigprimes.org/
859139077199680238479671925831
82003459280037211393335038005868479741434115320373
95123191764815272355046966995075440395895907990933
83299210684969111847965362061252649396138695879991
13615791439058800032819559173865300498204302398087
24052778196359970728000014369293610757236829751899
5740241706133686291365987666129140345710241334448477028662762985459140581120723011050450937654939757
8668848428122327483657116414578347253031609784360838255549756072346744653784522252177124444639948229
2696348777041283870508753358802408722819550806123430819145282189459645594459637902840825523306778689
283519708065038470770422045193274250978918678647998502296452942932202051476820020854102840942567111213233877563688748303047930580499694222007709253319
275728640009684238030935008718656195570284135801182572761332625938559445687258897025391540175099104839614786260350212193847191591994548141362843647971
4248200851
6210319747
4625842451
6195848473
4784793679
